
22

((((Acanthochitona_discrepans:0.7838689889,Callochiton_septemvalvis:0.9806312026):0.4135777781,Deshayesiella_sirenkoi:0.8511453863):0.4088008545,((Epimenia_babai:0.8497654441,Neomenia_megatrapezata:0.7845838958):0.3811853141,Chaetoderma_nitidum:0.7432894136):0.2537217127):0.9450119437,(((((Aplysia_californica:0.5983068594,Concholepas_concholepas:0.5522911753):0.1636561301,(Tectura_virginea:0.6087746631,Haliotis_cracherodii:0.4341938030):0.4680852606):0.1286256228,(((Pictodentalium_vernedei:0.6649198577,Fustiaria_rubescens:0.4884691027):0.408245535,Siphonodentalium_dalli:1.2500637359):0.06778444344,((Scintilla_philippinensis:0.3606360882,Verpa_penis:0.3153330192):0.2488834706,Solemya_velum:0.4917812299):0.6295577766):0.1588515286):0.1436580921,((Nautilus_pompilius:0.5673601687,Sepiola_atlantica:0.6891998991):0.1269847286,Octopus_vulgaris:0.9682558110):0.6318827456):0.06415420751,Veleropilina_oligotropha:2.2588369804):0.09965630798,(Lingula_anatina:0.7159704972,Urechis_unicinctus:0.8539164745):1.052510562);

 0.945012  0.408801  0.413578  0.783869  0.980631  0.851145  0.253722  0.381185  0.849765  0.784584  0.743289 0.0996563 0.0641542  0.143658  0.128626  0.163656  0.598307  0.552291  0.468085  0.608775  0.434194  0.158852 0.0677844  0.408246   0.66492  0.488469   1.25006  0.629558  0.248883  0.360636  0.315333  0.491781  0.631883  0.126985   0.56736    0.6892  0.968256   2.25884   1.05251   0.71597  0.853916

  -0.091306    0.130608    0.164305 -0.00876586  -0.0613786  -0.0963169    0.112579    0.196574   0.0492323 7.48954e-05  -0.0101888    0.835572    0.808422    0.159066   -0.224801  -0.0111907   -0.571634   -0.673089   -0.340074    -0.44847   -0.561907   -0.694654   -0.851244   -0.748573   -0.770436   -0.830651   -0.635559   -0.536353   -0.739336   -0.723193   -0.951064   -0.654512   -0.258392   -0.023998   -0.218825   -0.351083   -0.331439   -0.183269  -0.0631818  -0.0222095   -0.165598


Hessian 
-6271.35 -304.981 -34.6557  276.479  134.174  308.946 -1235.09 -50.6654  168.717  281.423  84.2924 -3608.86 -2891.07 -1140.62   166.88  422.038  434.871  409.979  103.058  424.381  689.555  8.30674  162.741  281.727   387.95  538.829   329.09  48.3753  361.055  597.472  466.893  550.871  181.698  334.246  481.239  382.843  302.745  106.332  165.583  334.004  294.608
-304.981 -11295.3 -1483.79  -155.59 -117.851 -1493.47 -3237.88 -453.358   61.118  1.79644 -718.859 -38.9488  7.16356  359.574  571.155  571.517  708.426  591.773  505.703  529.059  721.001  424.578  630.706  395.314   523.43  508.861  412.596  265.732  378.172  585.167  446.484  559.073  332.145  461.803  678.839  487.241  482.197  180.286  297.186   457.23  293.513
-34.6557 -1483.79   -10757 -1942.67 -895.903 -1332.55 -398.743 -22.6995  267.299  189.637 -23.8381  164.606  203.016  529.674  425.809  478.761  662.871  378.389  529.381  712.842  803.984  356.151  607.671  473.746  654.792  601.125  388.616  413.375   556.72  1119.37  958.972  587.704  402.499  654.684  598.413  570.346  310.926  206.993  271.237  348.913  349.169
 276.479  -155.59 -1942.67 -8173.59 -1314.41 -516.625  33.6931  312.314  92.3745  179.209  64.8795  456.412  593.249  658.525  736.005  996.639  504.518  585.443  719.876  694.392  681.361  701.296  723.289  374.706  570.141  560.711  478.138  514.212  580.144  673.142   800.03   712.68  478.899  492.617  601.337  594.439   386.79  224.571  362.655  434.208  356.455
 134.174 -117.851 -895.903 -1314.41 -6525.79 -236.528  117.655  215.341  216.457  373.629  247.039  328.856  392.589  565.343  577.192  763.089  564.502  575.822   478.67  500.296  561.714  499.458  479.413   346.73  494.442  392.777  344.896  414.746  629.915  546.326  854.313  602.076  333.226  430.641  557.614  566.557  379.303  195.725  299.953   412.08  404.496
 308.946 -1493.47 -1332.55 -516.625 -236.528 -7602.19 -732.986 -68.8832   183.64 -173.044 -364.108  490.871  503.867   658.75  780.269  788.156  609.095  593.351  569.272  377.853  560.679  667.885  629.822  561.381  529.129  515.709  454.251  586.095  297.567  512.461  565.917  744.427  485.673  700.115  658.634  578.427  456.704  219.828  293.808  344.906  315.633
-1235.09 -3237.88 -398.743  33.6931  117.655 -732.986 -15069.3 -1836.74 -168.609 -288.301 -2040.71 -573.966 -473.695  8.78076  346.007  388.996  641.808  601.932  370.325  524.234  862.132  515.819  586.802   461.32  563.371  557.433   455.15  278.699  448.799  729.926  518.819  426.363  281.121  462.869  525.209    504.2  460.827  305.139   329.21  417.016  387.863
-50.6654 -453.358 -22.6995  312.314  215.341 -68.8832 -1836.74 -12886.2 -1329.33 -1769.03 -1840.07  251.297  238.183  515.413  595.301   522.75  685.704  820.863  427.506  541.041  485.928  537.096  694.489  728.285  483.639   674.61  371.231  481.686  486.557  1041.38  1146.87  614.337  349.316  354.771  533.039  491.857      331  218.378  283.601  422.592  313.031
 168.717   61.118  267.299  92.3745  216.457   183.64 -168.609 -1329.33 -8238.61 -1500.32 -498.738  399.346  473.408  593.415  528.606  829.606  752.236    639.1  558.805   539.58    303.5  693.746  619.272  608.642  524.816   662.43  442.761  472.883   664.93  808.978  887.208  613.269  430.312  441.219  578.689  477.396  384.675  283.634  298.841  327.586  394.949
 281.423  1.79644  189.637  179.209  373.629 -173.044 -288.301 -1769.03 -1500.32 -8986.67 -650.209  564.464  513.738  658.194  701.511  826.189  608.269   546.82  477.428  503.885  519.289   795.19  834.214  636.058  580.617   753.71  410.059  512.656  432.925  856.952  775.267  712.333   535.12   567.45  519.675  489.382  437.626   298.94  354.233  374.194  198.106
 84.2924 -718.859 -23.8381  64.8795  247.039 -364.108 -2040.71 -1840.07 -498.738 -650.209 -9386.51  266.008  395.763  529.684  651.606  447.373  566.577  481.637  539.093  687.326  660.797  674.948  1094.13  780.553  528.808  768.297  476.785  547.141  641.896  748.954  866.736  372.877  568.266  699.457  807.673  702.124  430.118   260.04  363.748  433.552  351.797
-3608.86 -38.9488  164.606  456.412  328.856  490.871 -573.966  251.297  399.346  564.464  266.008 -18558.9 -11912.3 -3867.65 -353.165  339.589  658.149  588.649     6.49  246.553  662.222 -332.825  134.076  241.574  689.805  782.938  405.388 -118.231  364.688  762.509  592.082  681.593  44.5974  400.505  518.315  486.147  440.385  149.899 -2708.11 -253.261  -21.879
-2891.07  7.16356  203.016  593.249  392.589  503.867 -473.695  238.183  473.408  513.738  395.763 -11912.3   -25291 -6255.37 -512.977  482.438  679.849  715.354  218.116  525.382  626.496 -228.572  205.727  200.395  605.483  785.755  386.811 -205.853  229.991  682.837  863.898  738.914  110.067  440.287   583.85  550.782  357.064 -1043.22 -2262.82 -121.443  117.646
-1140.62  359.574  529.674  658.525  565.343   658.75  8.78076  515.413  593.415  658.194  529.684 -3867.65 -6255.37 -33854.4 -3314.27 -415.565  258.089  852.292 -3.57629  598.634  763.448 -1770.92  13.5279    362.9  855.814  986.589  396.851 -53.4297  102.527  1345.27  1166.13  766.446 -4471.72 -1792.79   63.611  331.855  244.821 -410.828 -960.925  91.3363  331.651
  166.88  571.155  425.809  736.005  577.192  780.269  346.007  595.301  528.606  701.511  651.606 -353.165 -512.977 -3314.27 -45862.6 -8307.39 -960.318 -904.104    -2504  506.242  453.639 -7812.06 -3006.45 -1888.86  212.942 -260.958 -142.467 -860.168  652.675  1309.54  1379.65  925.746 -1092.06 -357.329  285.982  419.926  392.406 -53.9691  26.1535  434.586  500.744
 422.038  571.517  478.761  996.639  763.089  788.156  388.996   522.75  829.606  826.189  447.373  339.589  482.438 -415.565 -8307.39 -39247.1 -3989.33 -4650.16 -2242.96  324.462 -443.783 -1844.25 -985.432 -820.046  426.209 -436.438  19.1019  238.576  295.066  1531.35   1205.6  317.357 -468.189  560.669  534.116  521.918  628.038  124.179  239.776  294.553  643.372
 434.871  708.426  662.871  504.518  564.502  609.095  641.808  685.704  752.236  608.269  566.577  658.149  679.849  258.089 -960.318 -3989.33 -16856.2 -1911.56 -109.982  571.591  643.726 -59.3345  164.725  136.268  484.808  23.8227  159.044  427.132  658.706  1260.28  837.439  398.556   52.704  154.502 -105.733  468.018  300.722   183.36  435.493  322.125  556.521
 409.979  591.773  378.389  585.443  575.822  593.351  601.932  820.863    639.1   546.82  481.637  588.649  715.354  852.292 -904.104 -4650.16 -1911.56   -18062 -782.131  412.344 -211.115  153.633  54.3116 -493.929  283.366   74.135  313.049  707.029  828.937  995.582  1114.07  1013.11  427.754   557.09  629.733  652.661  590.561  274.896  342.511  414.764  464.109
 103.058  505.703  529.381  719.876   478.67  569.272  370.325  427.506  558.805  477.428  539.093     6.49  218.116 -3.57629    -2504 -2242.96 -109.982 -782.131 -17580.8 -706.964 -2807.89 -314.262  1.97896  -16.996  271.112  513.872  39.7289  290.635  580.628  744.725  1034.39   746.79  14.8071  493.609   820.25  605.016   516.74  194.264   112.18  495.883  351.212
 424.381  529.059  712.842  694.392  500.296  377.853  524.234  541.041   539.58  503.885  687.326  246.553  525.382  598.634  506.242  324.462  571.591  412.344 -706.964 -16278.2 -4182.13  667.426  687.353  545.729  421.731  628.387  209.281  680.788  726.008  694.895  785.571  451.599  586.745  846.112  837.207  634.791  593.538  275.296  245.345   428.51   189.15
 689.555  721.001  803.984  681.361  561.714  560.679  862.132  485.928    303.5  519.289  660.797  662.222  626.496  763.448  453.639 -443.783  643.726 -211.115 -2807.89 -4182.13 -22079.1  924.418  886.151  500.252  134.746  726.141  242.598  735.072  547.807  181.725  1138.73  849.825  246.812  738.742   742.92  618.655  753.934  344.421  316.819   438.57  456.361
 8.30674  424.578  356.151  701.296  499.458  667.885  515.819  537.096  693.746   795.19  674.948 -332.825 -228.572 -1770.92 -7812.06 -1844.25 -59.3345  153.633 -314.262  667.426  924.418   -39214 -9157.32 -3153.29  489.928 -108.327 -478.568 -2778.03  478.192  1498.85  1029.66  798.161 -333.117  202.177  548.115  688.559  588.614  64.9926 -72.2687  517.561  414.269
 162.741  630.706  607.671  723.289  479.413  629.822  586.802  694.489  619.272  834.214  1094.13  134.076  205.727  13.5279 -3006.45 -985.432  164.725  54.3116  1.97896  687.353  886.151 -9157.32 -45394.4 -10555.9 -179.924    -1479 -2619.69  -1202.3  649.821  886.384  978.901  496.016  41.2645  511.024  448.497  964.623  653.254  262.259  87.5542  752.248  617.584
 281.727  395.314  473.746  374.706   346.73  561.381   461.32  728.285  608.642  636.058  780.553  241.574  200.395    362.9 -1888.86 -820.046  136.268 -493.929  -16.996  545.729  500.252 -3153.29 -10555.9 -17090.8 -823.924 -2834.73  81.9578 -537.448   216.02  755.488   857.63  124.106  264.139  522.221  468.157  681.628  490.578  184.342  107.355  698.303  414.924
  387.95   523.43  654.792  570.141  494.442  529.129  563.371  483.639  524.816  580.617  528.808  689.805  605.483  855.814  212.942  426.209  484.808  283.366  271.112  421.731  134.746  489.928 -179.924 -823.924 -13873.6 -3357.16  397.852  296.425  929.709  851.398  739.006  413.198  513.714  819.729  572.819  769.414  517.047  191.748  296.728  625.761  514.381
 538.829  508.861  601.125  560.711  392.777  515.709  557.433   674.61   662.43   753.71  768.297  782.938  785.755  986.589 -260.958 -436.438  23.8227   74.135  513.872  628.387  726.141 -108.327    -1479 -2834.73 -3357.16 -18563.2  259.283  289.745  547.934  484.463   472.62   493.11  510.719  1045.46  721.769  733.544  498.295  331.303  423.905  906.939  429.307
  329.09  412.596  388.616  478.138  344.896  454.251   455.15  371.231  442.761  410.059  476.785  405.388  386.811  396.851 -142.467  19.1019  159.044  313.049  39.7289  209.281  242.598 -478.568 -2619.69  81.9578  397.852  259.283 -5898.94 -185.229  154.449  357.052  282.622 -100.053  136.321  226.957  96.2893  446.758  452.014  207.893  221.116   309.68   390.43
 48.3753  265.732  413.375  514.212  414.746  586.095  278.699  481.686  472.883  512.656  547.141 -118.231 -205.853 -53.4297 -860.168  238.576  427.132  707.029  290.635  680.788  735.072 -2778.03  -1202.3 -537.448  296.425  289.745 -185.229 -13336.9 -1347.38  584.914  587.109 -474.892  52.0991  283.023  649.488  374.355  344.131  17.8445  28.9526  436.366  348.817
 361.055  378.172   556.72  580.144  629.915  297.567  448.799  486.557   664.93  432.925  641.896  364.688  229.991  102.527  652.675  295.066  658.706  828.937  580.628  726.008  547.807  478.192  649.821   216.02  929.709  547.934  154.449 -1347.38 -33191.4 -886.645 -2546.08 -7844.75  226.203  910.101  886.884  818.274  778.463    109.7  159.289  700.874  690.037
 597.472  585.167  1119.37  673.142  546.326  512.461  729.926  1041.38  808.978  856.952  748.954  762.509  682.837  1345.27  1309.54  1531.35  1260.28  995.582  744.725  694.895  181.725  1498.85  886.384  755.488  851.398  484.463  357.052  584.914 -886.645 -35213.7 -10884.2 -1162.92  1101.26  1346.75  1131.84  873.203  840.003   291.26  558.932  906.698  758.236
 466.893  446.484  958.972   800.03  854.313  565.917  518.819  1146.87  887.208  775.267  866.736  592.082  863.898  1166.13  1379.65   1205.6  837.439  1114.07  1034.39  785.571  1138.73  1029.66  978.901   857.63  739.006   472.62  282.622  587.109 -2546.08 -10884.2 -40154.4 -1940.46  891.469  1414.77  1415.33  816.533    772.8  549.396  499.266   695.56   651.04
 550.871  559.073  587.704   712.68  602.076  744.427  426.363  614.337  613.269  712.333  372.877  681.593  738.914  766.446  925.746  317.357  398.556  1013.11   746.79  451.599  849.825  798.161  496.016  124.106  413.198   493.11 -100.053 -474.892 -7844.75 -1162.92 -1940.46 -21059.7  599.125  1139.49  1104.63  706.517  780.037  278.146  347.412  542.682  650.144
 181.698  332.145  402.499  478.899  333.226  485.673  281.121  349.316  430.312   535.12  568.266  44.5974  110.067 -4471.72 -1092.06 -468.189   52.704  427.754  14.8071  586.745  246.812 -333.117  41.2645  264.139  513.714  510.719  136.321  52.0991  226.203  1101.26  891.469  599.125 -11148.9 -4315.41  -660.24 -243.687 -59.9783  104.907  123.273  298.621  430.577
 334.246  461.803  654.684  492.617  430.641  700.115  462.869  354.771  441.219   567.45  699.457  400.505  440.287 -1792.79 -357.329  560.669  154.502   557.09  493.609  846.112  738.742  202.177  511.024  522.221  819.729  1045.46  226.957  283.023  910.101  1346.75  1414.77  1139.49 -4315.41 -31592.4 -3676.88 -2300.33 -3151.42  137.585  206.339  393.282  606.909
 481.239  678.839  598.413  601.337  557.614  658.634  525.209  533.039  578.689  519.675  807.673  518.315   583.85   63.611  285.982  534.116 -105.733  629.733   820.25  837.207   742.92  548.115  448.497  468.157  572.819  721.769  96.2893  649.488  886.884  1131.84  1415.33  1104.63  -660.24 -3676.88 -15455.8 -2691.36 -866.712  314.607  279.321  434.523  385.353
 382.843  487.241  570.346  594.439  566.557  578.427    504.2  491.857  477.396  489.382  702.124  486.147  550.782  331.855  419.926  521.918  468.018  652.661  605.016  634.791  618.655  688.559  964.623  681.628  769.414  733.544  446.758  374.355  818.274  873.203  816.533  706.517 -243.687 -2300.33 -2691.36 -12803.6 -786.186  221.769  273.415   423.67  643.642
 302.745  482.197  310.926   386.79  379.303  456.704  460.827      331  384.675  437.626  430.118  440.385  357.064  244.821  392.406  628.038  300.722  590.561   516.74  593.538  753.934  588.614  653.254  490.578  517.047  498.295  452.014  344.131  778.463  840.003    772.8  780.037 -59.9783 -3151.42 -866.712 -786.186 -8092.57  163.057  260.534  495.543  419.064
 106.332  180.286  206.993  224.571  195.725  219.828  305.139  218.378  283.634   298.94   260.04  149.899 -1043.22 -410.828 -53.9691  124.179   183.36  274.896  194.264  275.296  344.421  64.9926  262.259  184.342  191.748  331.303  207.893  17.8445    109.7   291.26  549.396  278.146  104.907  137.585  314.607  221.769  163.057  -2258.8  43.5536  134.595  200.951
 165.583  297.186  271.237  362.655  299.953  293.808   329.21  283.601  298.841  354.233  363.748 -2708.11 -2262.82 -960.925  26.1535  239.776  435.493  342.511   112.18  245.345  316.819 -72.2687  87.5542  107.355  296.728  423.905  221.116  28.9526  159.289  558.932  499.266  347.412  123.273  206.339  279.321  273.415  260.534  43.5536 -5124.37 -720.968  -288.54
 334.004   457.23  348.913  434.208   412.08  344.906  417.016  422.592  327.586  374.194  433.552 -253.261 -121.443  91.3363  434.586  294.553  322.125  414.764  495.883   428.51   438.57  517.561  752.248  698.303  625.761  906.939   309.68  436.366  700.874  906.698   695.56  542.682  298.621  393.282  434.523   423.67  495.543  134.595 -720.968 -8656.35 -2753.47
 294.608  293.513  349.169  356.455  404.496  315.633  387.863  313.031  394.949  198.106  351.797  -21.879  117.646  331.651  500.744  643.372  556.521  464.109  351.212   189.15  456.361  414.269  617.584  414.924  514.381  429.307   390.43  348.817  690.037  758.236   651.04  650.144  430.577  606.909  385.353  643.642  419.064  200.951  -288.54 -2753.47 -7438.95
